"V1","V2","V3","V4","V5","V6","V7","V8","V9","V10","V11","V12","V13","V14","V15"
0.214201183431953,0.273372781065089,0.0958579881656805,0.00118343195266272,0.0840236686390533,0.00118343195266272,0.190532544378698,0.00118343195266272,0.00118343195266272,0.00118343195266272,0.00118343195266272,0.00118343195266272,0.00118343195266272,0.00118343195266272,0.131360946745562
0.00645161290322581,0.00645161290322581,0.00645161290322581,0.00645161290322581,0.00645161290322581,0.00645161290322581,0.845161290322581,0.00645161290322581,0.00645161290322581,0.00645161290322581,0.00645161290322581,0.0709677419354839,0.00645161290322581,0.00645161290322581,0.00645161290322581
0.0153846153846154,0.0153846153846154,0.0153846153846154,0.0153846153846154,0.0153846153846154,0.0153846153846154,0.0153846153846154,0.0153846153846154,0.0153846153846154,0.0153846153846154,0.0153846153846154,0.0153846153846154,0.0153846153846154,0.0153846153846154,0.784615384615385
0.00740740740740741,0.00740740740740741,0.00740740740740741,0.00740740740740741,0.00740740740740741,0.00740740740740741,0.00740740740740741,0.00740740740740741,0.00740740740740741,0.00740740740740741,0.00740740740740741,0.00740740740740741,0.00740740740740741,0.00740740740740741,0.896296296296296
0.00952380952380952,0.00952380952380952,0.00952380952380952,0.00952380952380952,0.00952380952380952,0.00952380952380952,0.00952380952380952,0.00952380952380952,0.00952380952380952,0.00952380952380952,0.00952380952380952,0.39047619047619,0.00952380952380952,0.00952380952380952,0.485714285714286
0.0181818181818182,0.0181818181818182,0.0181818181818182,0.0181818181818182,0.0181818181818182,0.0181818181818182,0.0181818181818182,0.0181818181818182,0.0181818181818182,0.0181818181818182,0.0181818181818182,0.745454545454545,0.0181818181818182,0.0181818181818182,0.0181818181818182
0.00540540540540541,0.87027027027027,0.00540540540540541,0.00540540540540541,0.00540540540540541,0.00540540540540541,0.00540540540540541,0.00540540540540541,0.00540540540540541,0.0594594594594595,0.00540540540540541,0.00540540540540541,0.00540540540540541,0.00540540540540541,0.00540540540540541
0.00689655172413793,0.83448275862069,0.0758620689655173,0.00689655172413793,0.00689655172413793,0.00689655172413793,0.00689655172413793,0.00689655172413793,0.00689655172413793,0.00689655172413793,0.00689655172413793,0.00689655172413793,0.00689655172413793,0.00689655172413793,0.00689655172413793
0.0105263157894737,0.115789473684211,0.0105263157894737,0.115789473684211,0.0105263157894737,0.536842105263158,0.0105263157894737,0.0105263157894737,0.0105263157894737,0.0105263157894737,0.0105263157894737,0.0105263157894737,0.115789473684211,0.0105263157894737,0.0105263157894737
0.0666666666666667,0.0666666666666667,0.0666666666666667,0.0666666666666667,0.0666666666666667,0.0666666666666667,0.0666666666666667,0.0666666666666667,0.0666666666666667,0.0666666666666667,0.0666666666666667,0.0666666666666667,0.0666666666666667,0.0666666666666667,0.0666666666666667
0.314285714285714,0.0285714285714286,0.0285714285714286,0.0285714285714286,0.0285714285714286,0.0285714285714286,0.0285714285714286,0.0285714285714286,0.0285714285714286,0.0285714285714286,0.0285714285714286,0.0285714285714286,0.0285714285714286,0.0285714285714286,0.314285714285714
0.6,0.0285714285714286,0.0285714285714286,0.0285714285714286,0.0285714285714286,0.0285714285714286,0.0285714285714286,0.0285714285714286,0.0285714285714286,0.0285714285714286,0.0285714285714286,0.0285714285714286,0.0285714285714286,0.0285714285714286,0.0285714285714286
0.44,0.04,0.04,0.04,0.04,0.04,0.04,0.04,0.04,0.04,0.04,0.04,0.04,0.04,0.04
0.0666666666666667,0.0666666666666667,0.0666666666666667,0.0666666666666667,0.0666666666666667,0.0666666666666667,0.0666666666666667,0.0666666666666667,0.0666666666666667,0.0666666666666667,0.0666666666666667,0.0666666666666667,0.0666666666666667,0.0666666666666667,0.0666666666666667
0.0117647058823529,0.717647058823529,0.0117647058823529,0.0117647058823529,0.0117647058823529,0.129411764705882,0.0117647058823529,0.0117647058823529,0.0117647058823529,0.0117647058823529,0.0117647058823529,0.0117647058823529,0.0117647058823529,0.0117647058823529,0.0117647058823529
0.00444444444444444,0.00444444444444444,0.00444444444444444,0.448888888888889,0.00444444444444444,0.00444444444444444,0.00444444444444444,0.00444444444444444,0.00444444444444444,0.00444444444444444,0.00444444444444444,0.00444444444444444,0.00444444444444444,0.00444444444444444,0.493333333333333
0.0666666666666667,0.0666666666666667,0.0666666666666667,0.0666666666666667,0.0666666666666667,0.0666666666666667,0.0666666666666667,0.0666666666666667,0.0666666666666667,0.0666666666666667,0.0666666666666667,0.0666666666666667,0.0666666666666667,0.0666666666666667,0.0666666666666667
0.0666666666666667,0.0666666666666667,0.0666666666666667,0.0666666666666667,0.0666666666666667,0.0666666666666667,0.0666666666666667,0.0666666666666667,0.0666666666666667,0.0666666666666667,0.0666666666666667,0.0666666666666667,0.0666666666666667,0.0666666666666667,0.0666666666666667
0.00210526315789474,0.00210526315789474,0.970526315789474,0.00210526315789474,0.00210526315789474,0.00210526315789474,0.00210526315789474,0.00210526315789474,0.00210526315789474,0.00210526315789474,0.00210526315789474,0.00210526315789474,0.00210526315789474,0.00210526315789474,0.00210526315789474
0.0222222222222222,0.0222222222222222,0.0222222222222222,0.0222222222222222,0.0222222222222222,0.0222222222222222,0.0222222222222222,0.0222222222222222,0.0222222222222222,0.0222222222222222,0.244444444444444,0.244444444444444,0.0222222222222222,0.244444444444444,0.0222222222222222
0.04,0.04,0.04,0.04,0.04,0.04,0.44,0.04,0.04,0.04,0.04,0.04,0.04,0.04,0.04
0.0285714285714286,0.0285714285714286,0.0285714285714286,0.314285714285714,0.0285714285714286,0.0285714285714286,0.0285714285714286,0.0285714285714286,0.0285714285714286,0.0285714285714286,0.0285714285714286,0.0285714285714286,0.0285714285714286,0.0285714285714286,0.314285714285714
0.0285714285714286,0.0285714285714286,0.0285714285714286,0.0285714285714286,0.0285714285714286,0.314285714285714,0.0285714285714286,0.0285714285714286,0.314285714285714,0.0285714285714286,0.0285714285714286,0.0285714285714286,0.0285714285714286,0.0285714285714286,0.0285714285714286
0.0285714285714286,0.0285714285714286,0.0285714285714286,0.0285714285714286,0.0285714285714286,0.0285714285714286,0.0285714285714286,0.0285714285714286,0.314285714285714,0.0285714285714286,0.0285714285714286,0.0285714285714286,0.0285714285714286,0.314285714285714,0.0285714285714286
0.0666666666666667,0.0666666666666667,0.0666666666666667,0.0666666666666667,0.0666666666666667,0.0666666666666667,0.0666666666666667,0.0666666666666667,0.0666666666666667,0.0666666666666667,0.0666666666666667,0.0666666666666667,0.0666666666666667,0.0666666666666667,0.0666666666666667
0.0222222222222222,0.244444444444444,0.0222222222222222,0.0222222222222222,0.0222222222222222,0.0222222222222222,0.0222222222222222,0.0222222222222222,0.0222222222222222,0.0222222222222222,0.0222222222222222,0.0222222222222222,0.466666666666667,0.0222222222222222,0.0222222222222222
0.00465116279069767,0.00465116279069767,0.0976744186046512,0.0511627906976744,0.00465116279069767,0.00465116279069767,0.0976744186046512,0.0511627906976744,0.283720930232558,0.00465116279069767,0.283720930232558,0.00465116279069767,0.00465116279069767,0.0976744186046512,0.00465116279069767
0.00540540540540541,0.00540540540540541,0.816216216216216,0.00540540540540541,0.00540540540540541,0.00540540540540541,0.00540540540540541,0.00540540540540541,0.00540540540540541,0.00540540540540541,0.00540540540540541,0.113513513513514,0.00540540540540541,0.00540540540540541,0.00540540540540541
0.0222222222222222,0.0222222222222222,0.0222222222222222,0.0222222222222222,0.0222222222222222,0.0222222222222222,0.0222222222222222,0.688888888888889,0.0222222222222222,0.0222222222222222,0.0222222222222222,0.0222222222222222,0.0222222222222222,0.0222222222222222,0.0222222222222222
0.0133333333333333,0.0133333333333333,0.28,0.0133333333333333,0.0133333333333333,0.0133333333333333,0.0133333333333333,0.0133333333333333,0.0133333333333333,0.0133333333333333,0.28,0.28,0.0133333333333333,0.0133333333333333,0.0133333333333333
0.2,0.00645161290322581,0.00645161290322581,0.00645161290322581,0.00645161290322581,0.00645161290322581,0.00645161290322581,0.00645161290322581,0.651612903225806,0.0709677419354839,0.00645161290322581,0.00645161290322581,0.00645161290322581,0.00645161290322581,0.00645161290322581
0.364705882352941,0.0117647058823529,0.482352941176471,0.0117647058823529,0.0117647058823529,0.0117647058823529,0.0117647058823529,0.0117647058823529,0.0117647058823529,0.0117647058823529,0.0117647058823529,0.0117647058823529,0.0117647058823529,0.0117647058823529,0.0117647058823529
0.00740740740740741,0.00740740740740741,0.00740740740740741,0.155555555555556,0.00740740740740741,0.00740740740740741,0.00740740740740741,0.00740740740740741,0.00740740740740741,0.00740740740740741,0.00740740740740741,0.00740740740740741,0.00740740740740741,0.6,0.155555555555556
0.00377358490566038,0.00377358490566038,0.00377358490566038,0.0792452830188679,0.00377358490566038,0.00377358490566038,0.00377358490566038,0.154716981132075,0.00377358490566038,0.00377358490566038,0.00377358490566038,0.00377358490566038,0.720754716981132,0.00377358490566038,0.00377358490566038
0.0285714285714286,0.0285714285714286,0.0285714285714286,0.314285714285714,0.0285714285714286,0.0285714285714286,0.0285714285714286,0.0285714285714286,0.0285714285714286,0.314285714285714,0.0285714285714286,0.0285714285714286,0.0285714285714286,0.0285714285714286,0.0285714285714286
0.0222222222222222,0.0222222222222222,0.0222222222222222,0.688888888888889,0.0222222222222222,0.0222222222222222,0.0222222222222222,0.0222222222222222,0.0222222222222222,0.0222222222222222,0.0222222222222222,0.0222222222222222,0.0222222222222222,0.0222222222222222,0.0222222222222222
0.00540540540540541,0.00540540540540541,0.00540540540540541,0.0594594594594595,0.00540540540540541,0.00540540540540541,0.00540540540540541,0.00540540540540541,0.00540540540540541,0.00540540540540541,0.00540540540540541,0.00540540540540541,0.275675675675676,0.00540540540540541,0.6
0.00571428571428571,0.00571428571428571,0.12,0.00571428571428571,0.00571428571428571,0.00571428571428571,0.0628571428571429,0.00571428571428571,0.0628571428571429,0.0628571428571429,0.634285714285714,0.00571428571428571,0.00571428571428571,0.00571428571428571,0.00571428571428571
0.688888888888889,0.0222222222222222,0.0222222222222222,0.0222222222222222,0.0222222222222222,0.0222222222222222,0.0222222222222222,0.0222222222222222,0.0222222222222222,0.0222222222222222,0.0222222222222222,0.0222222222222222,0.0222222222222222,0.0222222222222222,0.0222222222222222
0.008,0.008,0.888,0.008,0.008,0.008,0.008,0.008,0.008,0.008,0.008,0.008,0.008,0.008,0.008
0.0222222222222222,0.0222222222222222,0.0222222222222222,0.0222222222222222,0.0222222222222222,0.0222222222222222,0.0222222222222222,0.0222222222222222,0.0222222222222222,0.0222222222222222,0.0222222222222222,0.0222222222222222,0.0222222222222222,0.688888888888889,0.0222222222222222
0.0222222222222222,0.0222222222222222,0.0222222222222222,0.0222222222222222,0.0222222222222222,0.0222222222222222,0.0222222222222222,0.0222222222222222,0.0222222222222222,0.0222222222222222,0.0222222222222222,0.0222222222222222,0.0222222222222222,0.688888888888889,0.0222222222222222
0.0153846153846154,0.0153846153846154,0.0153846153846154,0.169230769230769,0.0153846153846154,0.0153846153846154,0.0153846153846154,0.0153846153846154,0.0153846153846154,0.630769230769231,0.0153846153846154,0.0153846153846154,0.0153846153846154,0.0153846153846154,0.0153846153846154
0.00512820512820513,0.00512820512820513,0.00512820512820513,0.774358974358974,0.00512820512820513,0.00512820512820513,0.00512820512820513,0.00512820512820513,0.00512820512820513,0.00512820512820513,0.00512820512820513,0.107692307692308,0.00512820512820513,0.00512820512820513,0.0564102564102564
0.00307692307692308,0.0646153846153846,0.00307692307692308,0.00307692307692308,0.00307692307692308,0.00307692307692308,0.00307692307692308,0.00307692307692308,0.00307692307692308,0.895384615384615,0.00307692307692308,0.00307692307692308,0.00307692307692308,0.00307692307692308,0.00307692307692308
0.129411764705882,0.0117647058823529,0.0117647058823529,0.0117647058823529,0.0117647058823529,0.717647058823529,0.0117647058823529,0.0117647058823529,0.0117647058823529,0.0117647058823529,0.0117647058823529,0.0117647058823529,0.0117647058823529,0.0117647058823529,0.0117647058823529
0.0666666666666667,0.0666666666666667,0.0666666666666667,0.0666666666666667,0.0666666666666667,0.0666666666666667,0.0666666666666667,0.0666666666666667,0.0666666666666667,0.0666666666666667,0.0666666666666667,0.0666666666666667,0.0666666666666667,0.0666666666666667,0.0666666666666667
0.008,0.008,0.008,0.008,0.008,0.008,0.008,0.888,0.008,0.008,0.008,0.008,0.008,0.008,0.008
0.0285714285714286,0.0285714285714286,0.0285714285714286,0.0285714285714286,0.0285714285714286,0.0285714285714286,0.0285714285714286,0.0285714285714286,0.0285714285714286,0.0285714285714286,0.6,0.0285714285714286,0.0285714285714286,0.0285714285714286,0.0285714285714286
0.476923076923077,0.0153846153846154,0.0153846153846154,0.0153846153846154,0.0153846153846154,0.0153846153846154,0.0153846153846154,0.0153846153846154,0.0153846153846154,0.0153846153846154,0.0153846153846154,0.0153846153846154,0.0153846153846154,0.323076923076923,0.0153846153846154
0.314285714285714,0.0285714285714286,0.0285714285714286,0.0285714285714286,0.0285714285714286,0.0285714285714286,0.0285714285714286,0.0285714285714286,0.0285714285714286,0.0285714285714286,0.314285714285714,0.0285714285714286,0.0285714285714286,0.0285714285714286,0.0285714285714286
0.0666666666666667,0.0666666666666667,0.0666666666666667,0.0666666666666667,0.0666666666666667,0.0666666666666667,0.0666666666666667,0.0666666666666667,0.0666666666666667,0.0666666666666667,0.0666666666666667,0.0666666666666667,0.0666666666666667,0.0666666666666667,0.0666666666666667
0.0666666666666667,0.0666666666666667,0.0666666666666667,0.0666666666666667,0.0666666666666667,0.0666666666666667,0.0666666666666667,0.0666666666666667,0.0666666666666667,0.0666666666666667,0.0666666666666667,0.0666666666666667,0.0666666666666667,0.0666666666666667,0.0666666666666667
0.0666666666666667,0.0666666666666667,0.0666666666666667,0.0666666666666667,0.0666666666666667,0.0666666666666667,0.0666666666666667,0.0666666666666667,0.0666666666666667,0.0666666666666667,0.0666666666666667,0.0666666666666667,0.0666666666666667,0.0666666666666667,0.0666666666666667
0.0285714285714286,0.0285714285714286,0.0285714285714286,0.0285714285714286,0.0285714285714286,0.0285714285714286,0.0285714285714286,0.6,0.0285714285714286,0.0285714285714286,0.0285714285714286,0.0285714285714286,0.0285714285714286,0.0285714285714286,0.0285714285714286
0.00512820512820513,0.876923076923077,0.00512820512820513,0.00512820512820513,0.00512820512820513,0.00512820512820513,0.00512820512820513,0.00512820512820513,0.0564102564102564,0.00512820512820513,0.00512820512820513,0.00512820512820513,0.00512820512820513,0.00512820512820513,0.00512820512820513
0.0222222222222222,0.0222222222222222,0.0222222222222222,0.0222222222222222,0.244444444444444,0.0222222222222222,0.0222222222222222,0.0222222222222222,0.0222222222222222,0.0222222222222222,0.466666666666667,0.0222222222222222,0.0222222222222222,0.0222222222222222,0.0222222222222222
0.0222222222222222,0.688888888888889,0.0222222222222222,0.0222222222222222,0.0222222222222222,0.0222222222222222,0.0222222222222222,0.0222222222222222,0.0222222222222222,0.0222222222222222,0.0222222222222222,0.0222222222222222,0.0222222222222222,0.0222222222222222,0.0222222222222222
0.00952380952380952,0.2,0.00952380952380952,0.00952380952380952,0.00952380952380952,0.00952380952380952,0.295238095238095,0.00952380952380952,0.00952380952380952,0.104761904761905,0.2,0.104761904761905,0.00952380952380952,0.00952380952380952,0.00952380952380952
0.00740740740740741,0.6,0.00740740740740741,0.00740740740740741,0.00740740740740741,0.00740740740740741,0.00740740740740741,0.00740740740740741,0.00740740740740741,0.00740740740740741,0.00740740740740741,0.155555555555556,0.00740740740740741,0.00740740740740741,0.155555555555556
0.0117647058823529,0.717647058823529,0.0117647058823529,0.0117647058823529,0.0117647058823529,0.129411764705882,0.0117647058823529,0.0117647058823529,0.0117647058823529,0.0117647058823529,0.0117647058823529,0.0117647058823529,0.0117647058823529,0.0117647058823529,0.0117647058823529
0.0153846153846154,0.0153846153846154,0.0153846153846154,0.0153846153846154,0.0153846153846154,0.784615384615385,0.0153846153846154,0.0153846153846154,0.0153846153846154,0.0153846153846154,0.0153846153846154,0.0153846153846154,0.0153846153846154,0.0153846153846154,0.0153846153846154
0.0153846153846154,0.0153846153846154,0.0153846153846154,0.0153846153846154,0.0153846153846154,0.0153846153846154,0.0153846153846154,0.0153846153846154,0.0153846153846154,0.0153846153846154,0.0153846153846154,0.0153846153846154,0.0153846153846154,0.0153846153846154,0.784615384615385
0.04,0.44,0.04,0.04,0.04,0.04,0.04,0.04,0.04,0.04,0.04,0.04,0.04,0.04,0.04
0.0181818181818182,0.2,0.0181818181818182,0.0181818181818182,0.0181818181818182,0.0181818181818182,0.0181818181818182,0.0181818181818182,0.563636363636364,0.0181818181818182,0.0181818181818182,0.0181818181818182,0.0181818181818182,0.0181818181818182,0.0181818181818182
0.745454545454545,0.0181818181818182,0.0181818181818182,0.0181818181818182,0.0181818181818182,0.0181818181818182,0.0181818181818182,0.0181818181818182,0.0181818181818182,0.0181818181818182,0.0181818181818182,0.0181818181818182,0.0181818181818182,0.0181818181818182,0.0181818181818182
0.00869565217391304,0.791304347826087,0.00869565217391304,0.00869565217391304,0.00869565217391304,0.00869565217391304,0.00869565217391304,0.00869565217391304,0.00869565217391304,0.00869565217391304,0.00869565217391304,0.00869565217391304,0.0956521739130435,0.00869565217391304,0.00869565217391304
0.0666666666666667,0.0666666666666667,0.0666666666666667,0.0666666666666667,0.0666666666666667,0.0666666666666667,0.0666666666666667,0.0666666666666667,0.0666666666666667,0.0666666666666667,0.0666666666666667,0.0666666666666667,0.0666666666666667,0.0666666666666667,0.0666666666666667
0.04,0.04,0.04,0.04,0.04,0.04,0.04,0.04,0.04,0.04,0.04,0.04,0.44,0.04,0.04
0.0153846153846154,0.0153846153846154,0.0153846153846154,0.0153846153846154,0.0153846153846154,0.0153846153846154,0.0153846153846154,0.0153846153846154,0.0153846153846154,0.0153846153846154,0.0153846153846154,0.0153846153846154,0.0153846153846154,0.784615384615385,0.0153846153846154
0.0153846153846154,0.323076923076923,0.169230769230769,0.0153846153846154,0.0153846153846154,0.0153846153846154,0.0153846153846154,0.0153846153846154,0.0153846153846154,0.0153846153846154,0.0153846153846154,0.0153846153846154,0.323076923076923,0.0153846153846154,0.0153846153846154
0.008,0.088,0.088,0.008,0.008,0.008,0.008,0.008,0.008,0.008,0.008,0.008,0.728,0.008,0.008
0.00952380952380952,0.00952380952380952,0.00952380952380952,0.00952380952380952,0.00952380952380952,0.00952380952380952,0.00952380952380952,0.00952380952380952,0.00952380952380952,0.485714285714286,0.00952380952380952,0.39047619047619,0.00952380952380952,0.00952380952380952,0.00952380952380952
0.00266666666666667,0.00266666666666667,0.00266666666666667,0.00266666666666667,0.00266666666666667,0.00266666666666667,0.0293333333333333,0.00266666666666667,0.00266666666666667,0.00266666666666667,0.829333333333333,0.00266666666666667,0.109333333333333,0.00266666666666667,0.00266666666666667
0.0153846153846154,0.0153846153846154,0.0153846153846154,0.0153846153846154,0.0153846153846154,0.0153846153846154,0.476923076923077,0.0153846153846154,0.0153846153846154,0.0153846153846154,0.0153846153846154,0.323076923076923,0.0153846153846154,0.0153846153846154,0.0153846153846154
0.00952380952380952,0.00952380952380952,0.00952380952380952,0.00952380952380952,0.00952380952380952,0.00952380952380952,0.866666666666667,0.00952380952380952,0.00952380952380952,0.00952380952380952,0.00952380952380952,0.00952380952380952,0.00952380952380952,0.00952380952380952,0.00952380952380952
0.314285714285714,0.0285714285714286,0.314285714285714,0.0285714285714286,0.0285714285714286,0.0285714285714286,0.0285714285714286,0.0285714285714286,0.0285714285714286,0.0285714285714286,0.0285714285714286,0.0285714285714286,0.0285714285714286,0.0285714285714286,0.0285714285714286
0.00645161290322581,0.00645161290322581,0.00645161290322581,0.00645161290322581,0.00645161290322581,0.00645161290322581,0.00645161290322581,0.0709677419354839,0.00645161290322581,0.845161290322581,0.00645161290322581,0.00645161290322581,0.00645161290322581,0.00645161290322581,0.00645161290322581
0.00952380952380952,0.00952380952380952,0.00952380952380952,0.00952380952380952,0.00952380952380952,0.00952380952380952,0.00952380952380952,0.00952380952380952,0.00952380952380952,0.866666666666667,0.00952380952380952,0.00952380952380952,0.00952380952380952,0.00952380952380952,0.00952380952380952
0.0666666666666667,0.0666666666666667,0.0666666666666667,0.0666666666666667,0.0666666666666667,0.0666666666666667,0.0666666666666667,0.0666666666666667,0.0666666666666667,0.0666666666666667,0.0666666666666667,0.0666666666666667,0.0666666666666667,0.0666666666666667,0.0666666666666667
0.0285714285714286,0.0285714285714286,0.0285714285714286,0.0285714285714286,0.0285714285714286,0.6,0.0285714285714286,0.0285714285714286,0.0285714285714286,0.0285714285714286,0.0285714285714286,0.0285714285714286,0.0285714285714286,0.0285714285714286,0.0285714285714286
0.00952380952380952,0.676190476190476,0.00952380952380952,0.00952380952380952,0.00952380952380952,0.00952380952380952,0.00952380952380952,0.00952380952380952,0.00952380952380952,0.2,0.00952380952380952,0.00952380952380952,0.00952380952380952,0.00952380952380952,0.00952380952380952
0.00571428571428571,0.00571428571428571,0.00571428571428571,0.00571428571428571,0.00571428571428571,0.00571428571428571,0.00571428571428571,0.00571428571428571,0.00571428571428571,0.691428571428571,0.0628571428571429,0.177142857142857,0.00571428571428571,0.00571428571428571,0.00571428571428571
0.00952380952380952,0.00952380952380952,0.00952380952380952,0.00952380952380952,0.00952380952380952,0.00952380952380952,0.00952380952380952,0.104761904761905,0.00952380952380952,0.00952380952380952,0.00952380952380952,0.771428571428571,0.00952380952380952,0.00952380952380952,0.00952380952380952
0.00224719101123596,0.00224719101123596,0.0247191011235955,0.00224719101123596,0.00224719101123596,0.00224719101123596,0.00224719101123596,0.00224719101123596,0.00224719101123596,0.00224719101123596,0.00224719101123596,0.00224719101123596,0.946067415730337,0.00224719101123596,0.00224719101123596
0.00298507462686567,0.0925373134328358,0.00298507462686567,0.0328358208955224,0.00298507462686567,0.00298507462686567,0.0626865671641791,0.00298507462686567,0.77910447761194,0.00298507462686567,0.00298507462686567,0.00298507462686567,0.00298507462686567,0.00298507462686567,0.00298507462686567
0.568,0.008,0.008,0.008,0.008,0.008,0.008,0.008,0.328,0.008,0.008,0.008,0.008,0.008,0.008
0.0153846153846154,0.0153846153846154,0.0153846153846154,0.0153846153846154,0.0153846153846154,0.169230769230769,0.0153846153846154,0.0153846153846154,0.0153846153846154,0.0153846153846154,0.0153846153846154,0.630769230769231,0.0153846153846154,0.0153846153846154,0.0153846153846154
0.813333333333333,0.0133333333333333,0.0133333333333333,0.0133333333333333,0.0133333333333333,0.0133333333333333,0.0133333333333333,0.0133333333333333,0.0133333333333333,0.0133333333333333,0.0133333333333333,0.0133333333333333,0.0133333333333333,0.0133333333333333,0.0133333333333333
0.00408163265306122,0.00408163265306122,0.00408163265306122,0.00408163265306122,0.00408163265306122,0.0448979591836735,0.00408163265306122,0.00408163265306122,0.00408163265306122,0.00408163265306122,0.00408163265306122,0.00408163265306122,0.00408163265306122,0.00408163265306122,0.902040816326531
0.00645161290322581,0.00645161290322581,0.00645161290322581,0.00645161290322581,0.00645161290322581,0.00645161290322581,0.00645161290322581,0.00645161290322581,0.00645161290322581,0.00645161290322581,0.00645161290322581,0.0709677419354839,0.00645161290322581,0.845161290322581,0.00645161290322581
0.0153846153846154,0.0153846153846154,0.0153846153846154,0.323076923076923,0.0153846153846154,0.0153846153846154,0.0153846153846154,0.0153846153846154,0.0153846153846154,0.0153846153846154,0.476923076923077,0.0153846153846154,0.0153846153846154,0.0153846153846154,0.0153846153846154
0.0105263157894737,0.0105263157894737,0.0105263157894737,0.852631578947368,0.0105263157894737,0.0105263157894737,0.0105263157894737,0.0105263157894737,0.0105263157894737,0.0105263157894737,0.0105263157894737,0.0105263157894737,0.0105263157894737,0.0105263157894737,0.0105263157894737
0.00689655172413793,0.00689655172413793,0.00689655172413793,0.0758620689655173,0.00689655172413793,0.00689655172413793,0.00689655172413793,0.00689655172413793,0.00689655172413793,0.00689655172413793,0.83448275862069,0.00689655172413793,0.00689655172413793,0.00689655172413793,0.00689655172413793
0.00689655172413793,0.00689655172413793,0.00689655172413793,0.00689655172413793,0.00689655172413793,0.903448275862069,0.00689655172413793,0.00689655172413793,0.00689655172413793,0.00689655172413793,0.00689655172413793,0.00689655172413793,0.00689655172413793,0.00689655172413793,0.00689655172413793
0.00952380952380952,0.00952380952380952,0.00952380952380952,0.104761904761905,0.00952380952380952,0.771428571428571,0.00952380952380952,0.00952380952380952,0.00952380952380952,0.00952380952380952,0.00952380952380952,0.00952380952380952,0.00952380952380952,0.00952380952380952,0.00952380952380952
0.04,0.04,0.04,0.04,0.04,0.04,0.04,0.04,0.04,0.04,0.04,0.04,0.44,0.04,0.04
0.0222222222222222,0.0222222222222222,0.0222222222222222,0.688888888888889,0.0222222222222222,0.0222222222222222,0.0222222222222222,0.0222222222222222,0.0222222222222222,0.0222222222222222,0.0222222222222222,0.0222222222222222,0.0222222222222222,0.0222222222222222,0.0222222222222222
0.0666666666666667,0.0666666666666667,0.0666666666666667,0.0666666666666667,0.0666666666666667,0.0666666666666667,0.0666666666666667,0.0666666666666667,0.0666666666666667,0.0666666666666667,0.0666666666666667,0.0666666666666667,0.0666666666666667,0.0666666666666667,0.0666666666666667
0.0666666666666667,0.0666666666666667,0.0666666666666667,0.0666666666666667,0.0666666666666667,0.0666666666666667,0.0666666666666667,0.0666666666666667,0.0666666666666667,0.0666666666666667,0.0666666666666667,0.0666666666666667,0.0666666666666667,0.0666666666666667,0.0666666666666667
0.0666666666666667,0.0666666666666667,0.0666666666666667,0.0666666666666667,0.0666666666666667,0.0666666666666667,0.0666666666666667,0.0666666666666667,0.0666666666666667,0.0666666666666667,0.0666666666666667,0.0666666666666667,0.0666666666666667,0.0666666666666667,0.0666666666666667
0.0181818181818182,0.0181818181818182,0.0181818181818182,0.0181818181818182,0.0181818181818182,0.0181818181818182,0.0181818181818182,0.563636363636364,0.2,0.0181818181818182,0.0181818181818182,0.0181818181818182,0.0181818181818182,0.0181818181818182,0.0181818181818182
0.6,0.0285714285714286,0.0285714285714286,0.0285714285714286,0.0285714285714286,0.0285714285714286,0.0285714285714286,0.0285714285714286,0.0285714285714286,0.0285714285714286,0.0285714285714286,0.0285714285714286,0.0285714285714286,0.0285714285714286,0.0285714285714286
0.04,0.04,0.04,0.04,0.04,0.04,0.04,0.04,0.04,0.04,0.44,0.04,0.04,0.04,0.04
0.04,0.04,0.04,0.04,0.04,0.44,0.04,0.04,0.04,0.04,0.04,0.04,0.04,0.04,0.04
0.0133333333333333,0.0133333333333333,0.0133333333333333,0.0133333333333333,0.0133333333333333,0.0133333333333333,0.0133333333333333,0.0133333333333333,0.0133333333333333,0.68,0.0133333333333333,0.0133333333333333,0.146666666666667,0.0133333333333333,0.0133333333333333
0.0666666666666667,0.0666666666666667,0.0666666666666667,0.0666666666666667,0.0666666666666667,0.0666666666666667,0.0666666666666667,0.0666666666666667,0.0666666666666667,0.0666666666666667,0.0666666666666667,0.0666666666666667,0.0666666666666667,0.0666666666666667,0.0666666666666667
0.0285714285714286,0.314285714285714,0.0285714285714286,0.0285714285714286,0.0285714285714286,0.0285714285714286,0.0285714285714286,0.314285714285714,0.0285714285714286,0.0285714285714286,0.0285714285714286,0.0285714285714286,0.0285714285714286,0.0285714285714286,0.0285714285714286
0.0133333333333333,0.0133333333333333,0.0133333333333333,0.0133333333333333,0.0133333333333333,0.146666666666667,0.0133333333333333,0.0133333333333333,0.0133333333333333,0.0133333333333333,0.0133333333333333,0.0133333333333333,0.68,0.0133333333333333,0.0133333333333333
0.0153846153846154,0.0153846153846154,0.0153846153846154,0.0153846153846154,0.0153846153846154,0.0153846153846154,0.630769230769231,0.0153846153846154,0.0153846153846154,0.169230769230769,0.0153846153846154,0.0153846153846154,0.0153846153846154,0.0153846153846154,0.0153846153846154
0.04,0.04,0.04,0.04,0.04,0.04,0.04,0.04,0.04,0.04,0.04,0.04,0.44,0.04,0.04
0.0222222222222222,0.0222222222222222,0.0222222222222222,0.0222222222222222,0.0222222222222222,0.0222222222222222,0.688888888888889,0.0222222222222222,0.0222222222222222,0.0222222222222222,0.0222222222222222,0.0222222222222222,0.0222222222222222,0.0222222222222222,0.0222222222222222
0.745454545454545,0.0181818181818182,0.0181818181818182,0.0181818181818182,0.0181818181818182,0.0181818181818182,0.0181818181818182,0.0181818181818182,0.0181818181818182,0.0181818181818182,0.0181818181818182,0.0181818181818182,0.0181818181818182,0.0181818181818182,0.0181818181818182
0.0666666666666667,0.0666666666666667,0.0666666666666667,0.0666666666666667,0.0666666666666667,0.0666666666666667,0.0666666666666667,0.0666666666666667,0.0666666666666667,0.0666666666666667,0.0666666666666667,0.0666666666666667,0.0666666666666667,0.0666666666666667,0.0666666666666667
0.0666666666666667,0.0666666666666667,0.0666666666666667,0.0666666666666667,0.0666666666666667,0.0666666666666667,0.0666666666666667,0.0666666666666667,0.0666666666666667,0.0666666666666667,0.0666666666666667,0.0666666666666667,0.0666666666666667,0.0666666666666667,0.0666666666666667
0.04,0.04,0.04,0.04,0.04,0.04,0.44,0.04,0.04,0.04,0.04,0.04,0.04,0.04,0.04
0.0181818181818182,0.0181818181818182,0.745454545454545,0.0181818181818182,0.0181818181818182,0.0181818181818182,0.0181818181818182,0.0181818181818182,0.0181818181818182,0.0181818181818182,0.0181818181818182,0.0181818181818182,0.0181818181818182,0.0181818181818182,0.0181818181818182
0.0666666666666667,0.0666666666666667,0.0666666666666667,0.0666666666666667,0.0666666666666667,0.0666666666666667,0.0666666666666667,0.0666666666666667,0.0666666666666667,0.0666666666666667,0.0666666666666667,0.0666666666666667,0.0666666666666667,0.0666666666666667,0.0666666666666667
0.0666666666666667,0.0666666666666667,0.0666666666666667,0.0666666666666667,0.0666666666666667,0.0666666666666667,0.0666666666666667,0.0666666666666667,0.0666666666666667,0.0666666666666667,0.0666666666666667,0.0666666666666667,0.0666666666666667,0.0666666666666667,0.0666666666666667
0.0222222222222222,0.0222222222222222,0.0222222222222222,0.0222222222222222,0.0222222222222222,0.0222222222222222,0.0222222222222222,0.0222222222222222,0.0222222222222222,0.0222222222222222,0.0222222222222222,0.688888888888889,0.0222222222222222,0.0222222222222222,0.0222222222222222
0.0666666666666667,0.0666666666666667,0.0666666666666667,0.0666666666666667,0.0666666666666667,0.0666666666666667,0.0666666666666667,0.0666666666666667,0.0666666666666667,0.0666666666666667,0.0666666666666667,0.0666666666666667,0.0666666666666667,0.0666666666666667,0.0666666666666667
0.04,0.04,0.04,0.04,0.04,0.04,0.04,0.04,0.04,0.04,0.04,0.44,0.04,0.04,0.04
0.0666666666666667,0.0666666666666667,0.0666666666666667,0.0666666666666667,0.0666666666666667,0.0666666666666667,0.0666666666666667,0.0666666666666667,0.0666666666666667,0.0666666666666667,0.0666666666666667,0.0666666666666667,0.0666666666666667,0.0666666666666667,0.0666666666666667
0.00606060606060606,0.00606060606060606,0.00606060606060606,0.00606060606060606,0.915151515151515,0.00606060606060606,0.00606060606060606,0.00606060606060606,0.00606060606060606,0.00606060606060606,0.00606060606060606,0.00606060606060606,0.00606060606060606,0.00606060606060606,0.00606060606060606
0.0666666666666667,0.0666666666666667,0.0666666666666667,0.0666666666666667,0.0666666666666667,0.0666666666666667,0.0666666666666667,0.0666666666666667,0.0666666666666667,0.0666666666666667,0.0666666666666667,0.0666666666666667,0.0666666666666667,0.0666666666666667,0.0666666666666667
0.0666666666666667,0.0666666666666667,0.0666666666666667,0.0666666666666667,0.0666666666666667,0.0666666666666667,0.0666666666666667,0.0666666666666667,0.0666666666666667,0.0666666666666667,0.0666666666666667,0.0666666666666667,0.0666666666666667,0.0666666666666667,0.0666666666666667
0.0666666666666667,0.0666666666666667,0.0666666666666667,0.0666666666666667,0.0666666666666667,0.0666666666666667,0.0666666666666667,0.0666666666666667,0.0666666666666667,0.0666666666666667,0.0666666666666667,0.0666666666666667,0.0666666666666667,0.0666666666666667,0.0666666666666667
0.0666666666666667,0.0666666666666667,0.0666666666666667,0.0666666666666667,0.0666666666666667,0.0666666666666667,0.0666666666666667,0.0666666666666667,0.0666666666666667,0.0666666666666667,0.0666666666666667,0.0666666666666667,0.0666666666666667,0.0666666666666667,0.0666666666666667
0.04,0.04,0.04,0.04,0.04,0.04,0.44,0.04,0.04,0.04,0.04,0.04,0.04,0.04,0.04
0.0153846153846154,0.476923076923077,0.0153846153846154,0.0153846153846154,0.0153846153846154,0.0153846153846154,0.323076923076923,0.0153846153846154,0.0153846153846154,0.0153846153846154,0.0153846153846154,0.0153846153846154,0.0153846153846154,0.0153846153846154,0.0153846153846154
0.0117647058823529,0.129411764705882,0.364705882352941,0.364705882352941,0.0117647058823529,0.0117647058823529,0.0117647058823529,0.0117647058823529,0.0117647058823529,0.0117647058823529,0.0117647058823529,0.0117647058823529,0.0117647058823529,0.0117647058823529,0.0117647058823529
0.0285714285714286,0.0285714285714286,0.0285714285714286,0.0285714285714286,0.0285714285714286,0.0285714285714286,0.6,0.0285714285714286,0.0285714285714286,0.0285714285714286,0.0285714285714286,0.0285714285714286,0.0285714285714286,0.0285714285714286,0.0285714285714286
0.0666666666666667,0.0666666666666667,0.0666666666666667,0.0666666666666667,0.0666666666666667,0.0666666666666667,0.0666666666666667,0.0666666666666667,0.0666666666666667,0.0666666666666667,0.0666666666666667,0.0666666666666667,0.0666666666666667,0.0666666666666667,0.0666666666666667
0.0222222222222222,0.0222222222222222,0.244444444444444,0.0222222222222222,0.0222222222222222,0.0222222222222222,0.0222222222222222,0.0222222222222222,0.0222222222222222,0.0222222222222222,0.0222222222222222,0.0222222222222222,0.0222222222222222,0.466666666666667,0.0222222222222222
0.0285714285714286,0.0285714285714286,0.0285714285714286,0.0285714285714286,0.0285714285714286,0.0285714285714286,0.0285714285714286,0.6,0.0285714285714286,0.0285714285714286,0.0285714285714286,0.0285714285714286,0.0285714285714286,0.0285714285714286,0.0285714285714286
0.0666666666666667,0.0666666666666667,0.0666666666666667,0.0666666666666667,0.0666666666666667,0.0666666666666667,0.0666666666666667,0.0666666666666667,0.0666666666666667,0.0666666666666667,0.0666666666666667,0.0666666666666667,0.0666666666666667,0.0666666666666667,0.0666666666666667
0.0181818181818182,0.2,0.563636363636364,0.0181818181818182,0.0181818181818182,0.0181818181818182,0.0181818181818182,0.0181818181818182,0.0181818181818182,0.0181818181818182,0.0181818181818182,0.0181818181818182,0.0181818181818182,0.0181818181818182,0.0181818181818182
0.00266666666666667,0.00266666666666667,0.00266666666666667,0.00266666666666667,0.00266666666666667,0.00266666666666667,0.00266666666666667,0.00266666666666667,0.0293333333333333,0.00266666666666667,0.616,0.00266666666666667,0.0293333333333333,0.00266666666666667,0.296
0.0666666666666667,0.0666666666666667,0.0666666666666667,0.0666666666666667,0.0666666666666667,0.0666666666666667,0.0666666666666667,0.0666666666666667,0.0666666666666667,0.0666666666666667,0.0666666666666667,0.0666666666666667,0.0666666666666667,0.0666666666666667,0.0666666666666667
0.0285714285714286,0.0285714285714286,0.0285714285714286,0.0285714285714286,0.0285714285714286,0.0285714285714286,0.0285714285714286,0.0285714285714286,0.0285714285714286,0.0285714285714286,0.6,0.0285714285714286,0.0285714285714286,0.0285714285714286,0.0285714285714286
0.6,0.0285714285714286,0.0285714285714286,0.0285714285714286,0.0285714285714286,0.0285714285714286,0.0285714285714286,0.0285714285714286,0.0285714285714286,0.0285714285714286,0.0285714285714286,0.0285714285714286,0.0285714285714286,0.0285714285714286,0.0285714285714286
0.0105263157894737,0.221052631578947,0.0105263157894737,0.0105263157894737,0.0105263157894737,0.0105263157894737,0.0105263157894737,0.0105263157894737,0.0105263157894737,0.0105263157894737,0.0105263157894737,0.0105263157894737,0.0105263157894737,0.0105263157894737,0.642105263157895
0.0153846153846154,0.784615384615385,0.0153846153846154,0.0153846153846154,0.0153846153846154,0.0153846153846154,0.0153846153846154,0.0153846153846154,0.0153846153846154,0.0153846153846154,0.0153846153846154,0.0153846153846154,0.0153846153846154,0.0153846153846154,0.0153846153846154
0.323076923076923,0.0153846153846154,0.0153846153846154,0.0153846153846154,0.0153846153846154,0.476923076923077,0.0153846153846154,0.0153846153846154,0.0153846153846154,0.0153846153846154,0.0153846153846154,0.0153846153846154,0.0153846153846154,0.0153846153846154,0.0153846153846154
0.2,0.0181818181818182,0.0181818181818182,0.0181818181818182,0.0181818181818182,0.0181818181818182,0.0181818181818182,0.0181818181818182,0.0181818181818182,0.0181818181818182,0.0181818181818182,0.2,0.381818181818182,0.0181818181818182,0.0181818181818182
0.00869565217391304,0.00869565217391304,0.182608695652174,0.00869565217391304,0.00869565217391304,0.00869565217391304,0.530434782608696,0.0956521739130435,0.0956521739130435,0.00869565217391304,0.00869565217391304,0.00869565217391304,0.00869565217391304,0.00869565217391304,0.00869565217391304
0.780645161290323,0.00645161290322581,0.00645161290322581,0.00645161290322581,0.00645161290322581,0.00645161290322581,0.00645161290322581,0.00645161290322581,0.135483870967742,0.00645161290322581,0.00645161290322581,0.00645161290322581,0.00645161290322581,0.00645161290322581,0.00645161290322581
0.0181818181818182,0.0181818181818182,0.0181818181818182,0.0181818181818182,0.0181818181818182,0.0181818181818182,0.563636363636364,0.0181818181818182,0.2,0.0181818181818182,0.0181818181818182,0.0181818181818182,0.0181818181818182,0.0181818181818182,0.0181818181818182
0.00689655172413793,0.00689655172413793,0.76551724137931,0.144827586206897,0.00689655172413793,0.00689655172413793,0.00689655172413793,0.00689655172413793,0.00689655172413793,0.00689655172413793,0.00689655172413793,0.00689655172413793,0.00689655172413793,0.00689655172413793,0.00689655172413793
0.323076923076923,0.0153846153846154,0.0153846153846154,0.0153846153846154,0.0153846153846154,0.0153846153846154,0.0153846153846154,0.0153846153846154,0.0153846153846154,0.0153846153846154,0.0153846153846154,0.0153846153846154,0.0153846153846154,0.476923076923077,0.0153846153846154
