"V1","V2","V3","V4","V5","V6","V7","V8","V9","V10","V11","V12","V13","V14","V15","V16","V17","V18","V19","V20"
8.8339222614841e-05,8.8339222614841e-05,8.8339222614841e-05,8.8339222614841e-05,8.8339222614841e-05,8.8339222614841e-05,8.8339222614841e-05,8.8339222614841e-05,8.8339222614841e-05,0.998321554770318,8.8339222614841e-05,8.8339222614841e-05,8.8339222614841e-05,8.8339222614841e-05,8.8339222614841e-05,8.8339222614841e-05,8.8339222614841e-05,8.8339222614841e-05,8.8339222614841e-05,8.8339222614841e-05
0.000143472022955524,0.000143472022955524,0.000143472022955524,0.000143472022955524,0.000143472022955524,0.000143472022955524,0.000143472022955524,0.000143472022955524,0.000143472022955524,0.975753228120517,0.000143472022955524,0.000143472022955524,0.000143472022955524,0.000143472022955524,0.000143472022955524,0.000143472022955524,0.000143472022955524,0.000143472022955524,0.000143472022955524,0.0216642754662841
0.000124688279301746,0.000124688279301746,0.00635910224438903,0.000124688279301746,0.000124688279301746,0.000124688279301746,0.000124688279301746,0.000124688279301746,0.000124688279301746,0.96645885286783,0.000124688279301746,0.000124688279301746,0.000124688279301746,0.000124688279301746,0.000124688279301746,0.000124688279301746,0.000124688279301746,0.000124688279301746,0.000124688279301746,0.0250623441396509
9.83284169124877e-05,9.83284169124877e-05,9.83284169124877e-05,9.83284169124877e-05,9.83284169124877e-05,9.83284169124877e-05,9.83284169124877e-05,9.83284169124877e-05,9.83284169124877e-05,0.993215339233038,9.83284169124877e-05,9.83284169124877e-05,9.83284169124877e-05,9.83284169124877e-05,9.83284169124877e-05,0.00501474926253687,9.83284169124877e-05,9.83284169124877e-05,9.83284169124877e-05,9.83284169124877e-05
0.000105596620908131,0.000105596620908131,0.000105596620908131,0.000105596620908131,0.000105596620908131,0.000105596620908131,0.000105596620908131,0.000105596620908131,0.000105596620908131,0.997993664202745,0.000105596620908131,0.000105596620908131,0.000105596620908131,0.000105596620908131,0.000105596620908131,0.000105596620908131,0.000105596620908131,0.000105596620908131,0.000105596620908131,0.000105596620908131
9.50570342205323e-05,9.50570342205323e-05,9.50570342205323e-05,0.019106463878327,9.50570342205323e-05,9.50570342205323e-05,9.50570342205323e-05,0.0143536121673004,9.50570342205323e-05,0.964923954372624,9.50570342205323e-05,9.50570342205323e-05,9.50570342205323e-05,9.50570342205323e-05,9.50570342205323e-05,9.50570342205323e-05,9.50570342205323e-05,9.50570342205323e-05,9.50570342205323e-05,9.50570342205323e-05
6.14628149969269e-05,6.14628149969269e-05,6.14628149969269e-05,6.14628149969269e-05,0.00313460356484327,6.14628149969269e-05,6.14628149969269e-05,6.14628149969269e-05,6.14628149969269e-05,0.995759065765212,6.14628149969269e-05,6.14628149969269e-05,6.14628149969269e-05,6.14628149969269e-05,6.14628149969269e-05,6.14628149969269e-05,6.14628149969269e-05,6.14628149969269e-05,6.14628149969269e-05,6.14628149969269e-05
7.83085356303837e-05,7.83085356303837e-05,7.83085356303837e-05,7.83085356303837e-05,7.83085356303837e-05,7.83085356303837e-05,7.83085356303837e-05,7.83085356303837e-05,7.83085356303837e-05,0.967188723570869,7.83085356303837e-05,7.83085356303837e-05,7.83085356303837e-05,7.83085356303837e-05,7.83085356303837e-05,7.83085356303837e-05,7.83085356303837e-05,0.0314017227877839,7.83085356303837e-05,7.83085356303837e-05
7.86163522012579e-05,7.86163522012579e-05,0.247720125786164,7.86163522012579e-05,7.86163522012579e-05,7.86163522012579e-05,7.86163522012579e-05,7.86163522012579e-05,7.86163522012579e-05,0.727279874213837,7.86163522012579e-05,7.86163522012579e-05,7.86163522012579e-05,7.86163522012579e-05,7.86163522012579e-05,7.86163522012579e-05,7.86163522012579e-05,0.0236635220125786,7.86163522012579e-05,7.86163522012579e-05
0.000120918984280532,0.000120918984280532,0.000120918984280532,0.000120918984280532,0.000120918984280532,0.000120918984280532,0.000120918984280532,0.000120918984280532,0.000120918984280532,0.96142684401451,0.000120918984280532,0.000120918984280532,0.000120918984280532,0.000120918984280532,0.000120918984280532,0.0363966142684401,0.000120918984280532,0.000120918984280532,0.000120918984280532,0.000120918984280532
0.00036101083032491,0.00036101083032491,0.00036101083032491,0.00036101083032491,0.00036101083032491,0.00036101083032491,0.00036101083032491,0.00036101083032491,0.00036101083032491,0.812635379061372,0.00036101083032491,0.00036101083032491,0.00036101083032491,0.00036101083032491,0.00036101083032491,0.18086642599278,0.00036101083032491,0.00036101083032491,0.00036101083032491,0.00036101083032491
0.000134770889487871,0.000134770889487871,0.000134770889487871,0.000134770889487871,0.458355795148248,0.000134770889487871,0.000134770889487871,0.000134770889487871,0.000134770889487871,0.512264150943396,0.0203504043126685,0.000134770889487871,0.000134770889487871,0.000134770889487871,0.000134770889487871,0.000134770889487871,0.000134770889487871,0.000134770889487871,0.0068733153638814,0.000134770889487871
0.000151057401812689,0.000151057401812689,0.000151057401812689,0.000151057401812689,0.000151057401812689,0.000151057401812689,0.000151057401812689,0.000151057401812689,0.00770392749244713,0.989577039274924,0.000151057401812689,0.000151057401812689,0.000151057401812689,0.000151057401812689,0.000151057401812689,0.000151057401812689,0.000151057401812689,0.000151057401812689,0.000151057401812689,0.000151057401812689
8.46023688663283e-05,8.46023688663283e-05,8.46023688663283e-05,8.46023688663283e-05,8.46023688663283e-05,8.46023688663283e-05,8.46023688663283e-05,8.46023688663283e-05,8.46023688663283e-05,0.99839255499154,8.46023688663283e-05,8.46023688663283e-05,8.46023688663283e-05,8.46023688663283e-05,8.46023688663283e-05,8.46023688663283e-05,8.46023688663283e-05,8.46023688663283e-05,8.46023688663283e-05,8.46023688663283e-05
2.92654375182909e-05,2.92654375182909e-05,2.92654375182909e-05,0.188791337430495,2.92654375182909e-05,2.92654375182909e-05,2.92654375182909e-05,2.92654375182909e-05,2.92654375182909e-05,0.809218612818262,2.92654375182909e-05,2.92654375182909e-05,2.92654375182909e-05,2.92654375182909e-05,2.92654375182909e-05,2.92654375182909e-05,0.00149253731343284,2.92654375182909e-05,2.92654375182909e-05,2.92654375182909e-05
4.9825610363727e-05,4.9825610363727e-05,4.9825610363727e-05,4.9825610363727e-05,4.9825610363727e-05,4.9825610363727e-05,0.00254110612855008,4.9825610363727e-05,4.9825610363727e-05,0.941753861484803,4.9825610363727e-05,4.9825610363727e-05,4.9825610363727e-05,4.9825610363727e-05,4.9825610363727e-05,4.9825610363727e-05,4.9825610363727e-05,0.0548579970104634,4.9825610363727e-05,4.9825610363727e-05
0.000234192037470726,0.000234192037470726,0.000234192037470726,0.000234192037470726,0.000234192037470726,0.000234192037470726,0.000234192037470726,0.000234192037470726,0.000234192037470726,0.000234192037470726,0.000234192037470726,0.011943793911007,0.000234192037470726,0.000234192037470726,0.000234192037470726,0.000234192037470726,0.98384074941452,0.000234192037470726,0.000234192037470726,0.000234192037470726
4.510599909788e-05,4.510599909788e-05,4.510599909788e-05,0.157916102841678,4.510599909788e-05,4.510599909788e-05,4.510599909788e-05,4.510599909788e-05,4.510599909788e-05,0.827740189445196,4.510599909788e-05,4.510599909788e-05,4.510599909788e-05,4.510599909788e-05,4.510599909788e-05,4.510599909788e-05,4.510599909788e-05,4.510599909788e-05,0.0135769057284619,4.510599909788e-05
3.70782350760104e-05,3.70782350760104e-05,3.70782350760104e-05,0.448683722654802,3.70782350760104e-05,3.70782350760104e-05,3.70782350760104e-05,3.70782350760104e-05,3.70782350760104e-05,0.546941045606229,3.70782350760104e-05,3.70782350760104e-05,3.70782350760104e-05,3.70782350760104e-05,3.70782350760104e-05,0.00374490174267705,3.70782350760104e-05,3.70782350760104e-05,3.70782350760104e-05,3.70782350760104e-05
0.000146627565982405,0.000146627565982405,0.000146627565982405,0.000146627565982405,0.0294721407624633,0.000146627565982405,0.000146627565982405,0.000146627565982405,0.000146627565982405,0.967888563049853,0.000146627565982405,0.000146627565982405,0.000146627565982405,0.000146627565982405,0.000146627565982405,0.000146627565982405,0.000146627565982405,0.000146627565982405,0.000146627565982405,0.000146627565982405
0.000148809523809524,0.000148809523809524,0.000148809523809524,0.000148809523809524,0.215922619047619,0.000148809523809524,0.00758928571428571,0.000148809523809524,0.000148809523809524,0.476339285714286,0.000148809523809524,0.000148809523809524,0.000148809523809524,0.000148809523809524,0.000148809523809524,0.000148809523809524,0.000148809523809524,0.297767857142857,0.000148809523809524,0.000148809523809524
6.34115409004439e-05,6.34115409004439e-05,6.34115409004439e-05,6.34115409004439e-05,6.34115409004439e-05,6.34115409004439e-05,6.34115409004439e-05,6.34115409004439e-05,6.34115409004439e-05,0.995624603677869,6.34115409004439e-05,6.34115409004439e-05,6.34115409004439e-05,6.34115409004439e-05,0.00323398858592264,6.34115409004439e-05,6.34115409004439e-05,6.34115409004439e-05,6.34115409004439e-05,6.34115409004439e-05
8.79507475813544e-05,8.79507475813544e-05,8.79507475813544e-05,8.79507475813544e-05,8.79507475813544e-05,8.79507475813544e-05,8.79507475813544e-05,8.79507475813544e-05,8.79507475813544e-05,0.96754617414248,8.79507475813544e-05,8.79507475813544e-05,8.79507475813544e-05,8.79507475813544e-05,8.79507475813544e-05,8.79507475813544e-05,8.79507475813544e-05,0.0308707124010554,8.79507475813544e-05,8.79507475813544e-05
0.00015220700152207,0.00015220700152207,0.00015220700152207,0.00015220700152207,0.00015220700152207,0.00015220700152207,0.00015220700152207,0.00015220700152207,0.00015220700152207,0.167579908675799,0.00015220700152207,0.220852359208524,0.608980213089802,0.00015220700152207,0.00015220700152207,0.00015220700152207,0.00015220700152207,0.00015220700152207,0.00015220700152207,0.00015220700152207
0.000221238938053097,0.000221238938053097,0.000221238938053097,0.000221238938053097,0.000221238938053097,0.000221238938053097,0.000221238938053097,0.000221238938053097,0.000221238938053097,0.995796460176991,0.000221238938053097,0.000221238938053097,0.000221238938053097,0.000221238938053097,0.000221238938053097,0.000221238938053097,0.000221238938053097,0.000221238938053097,0.000221238938053097,0.000221238938053097
0.000108459869848156,0.000108459869848156,0.000108459869848156,0.000108459869848156,0.000108459869848156,0.000108459869848156,0.000108459869848156,0.000108459869848156,0.000108459869848156,0.992516268980477,0.000108459869848156,0.000108459869848156,0.000108459869848156,0.000108459869848156,0.000108459869848156,0.000108459869848156,0.000108459869848156,0.00553145336225597,0.000108459869848156,0.000108459869848156
5.48847420417124e-05,5.48847420417124e-05,5.48847420417124e-05,0.0961031833150384,5.48847420417124e-05,5.48847420417124e-05,5.48847420417124e-05,5.48847420417124e-05,5.48847420417124e-05,0.902908891328211,5.48847420417124e-05,5.48847420417124e-05,5.48847420417124e-05,5.48847420417124e-05,5.48847420417124e-05,5.48847420417124e-05,5.48847420417124e-05,5.48847420417124e-05,5.48847420417124e-05,5.48847420417124e-05
7.20980533525595e-05,7.20980533525595e-05,7.20980533525595e-05,0.328118240807498,7.20980533525595e-05,7.20980533525595e-05,7.20980533525595e-05,7.20980533525595e-05,7.20980533525595e-05,0.659769286229272,7.20980533525595e-05,7.20980533525595e-05,7.20980533525595e-05,7.20980533525595e-05,7.20980533525595e-05,7.20980533525595e-05,7.20980533525595e-05,0.0108868060562365,7.20980533525595e-05,7.20980533525595e-05
0.000148809523809524,0.000148809523809524,0.096875,0.000148809523809524,0.000148809523809524,0.000148809523809524,0.000148809523809524,0.000148809523809524,0.000148809523809524,0.885565476190476,0.000148809523809524,0.000148809523809524,0.0150297619047619,0.000148809523809524,0.000148809523809524,0.000148809523809524,0.000148809523809524,0.000148809523809524,0.000148809523809524,0.000148809523809524
4.46030330062444e-05,4.46030330062444e-05,4.46030330062444e-05,0.158385370205174,0.0357270294380018,4.46030330062444e-05,4.46030330062444e-05,4.46030330062444e-05,4.46030330062444e-05,0.642328278322926,4.46030330062444e-05,4.46030330062444e-05,4.46030330062444e-05,4.46030330062444e-05,0.00673505798394291,0.156155218554862,4.46030330062444e-05,4.46030330062444e-05,4.46030330062444e-05,4.46030330062444e-05
0.000155763239875389,0.000155763239875389,0.000155763239875389,0.000155763239875389,0.000155763239875389,0.000155763239875389,0.000155763239875389,0.000155763239875389,0.000155763239875389,0.997040498442368,0.000155763239875389,0.000155763239875389,0.000155763239875389,0.000155763239875389,0.000155763239875389,0.000155763239875389,0.000155763239875389,0.000155763239875389,0.000155763239875389,0.000155763239875389
7.6219512195122e-05,7.6219512195122e-05,7.6219512195122e-05,7.6219512195122e-05,7.6219512195122e-05,7.6219512195122e-05,7.6219512195122e-05,7.6219512195122e-05,7.6219512195122e-05,0.998551829268293,7.6219512195122e-05,7.6219512195122e-05,7.6219512195122e-05,7.6219512195122e-05,7.6219512195122e-05,7.6219512195122e-05,7.6219512195122e-05,7.6219512195122e-05,7.6219512195122e-05,7.6219512195122e-05
4.34404865334492e-05,4.34404865334492e-05,4.34404865334492e-05,4.34404865334492e-05,4.34404865334492e-05,4.34404865334492e-05,4.34404865334492e-05,4.34404865334492e-05,4.34404865334492e-05,0.999174630755864,4.34404865334492e-05,4.34404865334492e-05,4.34404865334492e-05,4.34404865334492e-05,4.34404865334492e-05,4.34404865334492e-05,4.34404865334492e-05,4.34404865334492e-05,4.34404865334492e-05,4.34404865334492e-05
0.000124688279301746,0.000124688279301746,0.000124688279301746,0.000124688279301746,0.000124688279301746,0.000124688279301746,0.000124688279301746,0.000124688279301746,0.000124688279301746,0.997630922693267,0.000124688279301746,0.000124688279301746,0.000124688279301746,0.000124688279301746,0.000124688279301746,0.000124688279301746,0.000124688279301746,0.000124688279301746,0.000124688279301746,0.000124688279301746
9.03342366757001e-05,9.03342366757001e-05,0.0226738934056007,9.03342366757001e-05,0.0407407407407407,9.03342366757001e-05,9.03342366757001e-05,9.03342366757001e-05,9.03342366757001e-05,0.916982836495032,9.03342366757001e-05,9.03342366757001e-05,9.03342366757001e-05,9.03342366757001e-05,9.03342366757001e-05,0.0181571815718157,9.03342366757001e-05,9.03342366757001e-05,9.03342366757001e-05,9.03342366757001e-05
6.50618087182824e-05,6.50618087182824e-05,6.50618087182824e-05,6.50618087182824e-05,6.50618087182824e-05,6.50618087182824e-05,6.50618087182824e-05,6.50618087182824e-05,6.50618087182824e-05,0.998763825634353,6.50618087182824e-05,6.50618087182824e-05,6.50618087182824e-05,6.50618087182824e-05,6.50618087182824e-05,6.50618087182824e-05,6.50618087182824e-05,6.50618087182824e-05,6.50618087182824e-05,6.50618087182824e-05
3.72162262746558e-05,3.72162262746558e-05,3.72162262746558e-05,0.254968366207667,0.00189802754000744,3.72162262746558e-05,3.72162262746558e-05,3.72162262746558e-05,3.72162262746558e-05,0.742500930405657,3.72162262746558e-05,3.72162262746558e-05,3.72162262746558e-05,3.72162262746558e-05,3.72162262746558e-05,3.72162262746558e-05,3.72162262746558e-05,3.72162262746558e-05,3.72162262746558e-05,3.72162262746558e-05
5.96302921884317e-05,5.96302921884317e-05,5.96302921884317e-05,5.96302921884317e-05,0.0507453786523554,5.96302921884317e-05,5.96302921884317e-05,5.96302921884317e-05,5.96302921884317e-05,0.948181276088253,5.96302921884317e-05,5.96302921884317e-05,5.96302921884317e-05,5.96302921884317e-05,5.96302921884317e-05,5.96302921884317e-05,5.96302921884317e-05,5.96302921884317e-05,5.96302921884317e-05,5.96302921884317e-05
0.000141442715700141,0.000141442715700141,0.0425742574257426,0.000141442715700141,0.000141442715700141,0.000141442715700141,0.000141442715700141,0.000141442715700141,0.000141442715700141,0.954879773691655,0.000141442715700141,0.000141442715700141,0.000141442715700141,0.000141442715700141,0.000141442715700141,0.000141442715700141,0.000141442715700141,0.000141442715700141,0.000141442715700141,0.000141442715700141
3.91083300743058e-05,3.91083300743058e-05,3.91083300743058e-05,3.91083300743058e-05,3.91083300743058e-05,3.91083300743058e-05,3.91083300743058e-05,3.91083300743058e-05,3.91083300743058e-05,0.999256941728588,3.91083300743058e-05,3.91083300743058e-05,3.91083300743058e-05,3.91083300743058e-05,3.91083300743058e-05,3.91083300743058e-05,3.91083300743058e-05,3.91083300743058e-05,3.91083300743058e-05,3.91083300743058e-05
0.00033112582781457,0.00033112582781457,0.00033112582781457,0.00033112582781457,0.00033112582781457,0.00033112582781457,0.00033112582781457,0.00033112582781457,0.00033112582781457,0.993708609271523,0.00033112582781457,0.00033112582781457,0.00033112582781457,0.00033112582781457,0.00033112582781457,0.00033112582781457,0.00033112582781457,0.00033112582781457,0.00033112582781457,0.00033112582781457
0.000114025085518814,0.000114025085518814,0.000114025085518814,0.000114025085518814,0.000114025085518814,0.000114025085518814,0.000114025085518814,0.000114025085518814,0.000114025085518814,0.992132269099202,0.000114025085518814,0.000114025085518814,0.000114025085518814,0.000114025085518814,0.000114025085518814,0.000114025085518814,0.000114025085518814,0.000114025085518814,0.000114025085518814,0.00581527936145952
0.000134770889487871,0.000134770889487871,0.000134770889487871,0.000134770889487871,0.000134770889487871,0.000134770889487871,0.000134770889487871,0.027088948787062,0.000134770889487871,0.903099730458221,0.000134770889487871,0.000134770889487871,0.000134770889487871,0.000134770889487871,0.000134770889487871,0.0675202156334232,0.000134770889487871,0.000134770889487871,0.000134770889487871,0.000134770889487871
9.73709834469328e-05,9.73709834469328e-05,9.73709834469328e-05,9.73709834469328e-05,9.73709834469328e-05,9.73709834469328e-05,9.73709834469328e-05,9.73709834469328e-05,9.73709834469328e-05,0.998149951314508,9.73709834469328e-05,9.73709834469328e-05,9.73709834469328e-05,9.73709834469328e-05,9.73709834469328e-05,9.73709834469328e-05,9.73709834469328e-05,9.73709834469328e-05,9.73709834469328e-05,9.73709834469328e-05
7.86163522012579e-05,7.86163522012579e-05,7.86163522012579e-05,7.86163522012579e-05,7.86163522012579e-05,0.00794025157232704,7.86163522012579e-05,7.86163522012579e-05,0.0158018867924528,0.743003144654088,7.86163522012579e-05,7.86163522012579e-05,7.86163522012579e-05,7.86163522012579e-05,7.86163522012579e-05,7.86163522012579e-05,7.86163522012579e-05,0.200550314465409,7.86163522012579e-05,0.0315251572327044
0.000103412616339193,0.000103412616339193,0.000103412616339193,0.000103412616339193,0.000103412616339193,0.000103412616339193,0.000103412616339193,0.0259565667011375,0.000103412616339193,0.972182006204757,0.000103412616339193,0.000103412616339193,0.000103412616339193,0.000103412616339193,0.000103412616339193,0.000103412616339193,0.000103412616339193,0.000103412616339193,0.000103412616339193,0.000103412616339193
9.41619585687382e-05,9.41619585687382e-05,9.41619585687382e-05,0.155461393596987,9.41619585687382e-05,9.41619585687382e-05,9.41619585687382e-05,9.41619585687382e-05,9.41619585687382e-05,0.734557438794727,9.41619585687382e-05,9.41619585687382e-05,9.41619585687382e-05,0.0142184557438795,9.41619585687382e-05,9.41619585687382e-05,9.41619585687382e-05,0.094256120527307,9.41619585687382e-05,9.41619585687382e-05
9.98003992015968e-05,0.00508982035928144,9.98003992015968e-05,0.159780439121756,9.98003992015968e-05,9.98003992015968e-05,9.98003992015968e-05,9.98003992015968e-05,9.98003992015968e-05,0.703692614770459,9.98003992015968e-05,9.98003992015968e-05,9.98003992015968e-05,9.98003992015968e-05,9.98003992015968e-05,0.124850299401198,9.98003992015968e-05,9.98003992015968e-05,9.98003992015968e-05,0.00508982035928144
0.000239808153477218,0.000239808153477218,0.000239808153477218,0.000239808153477218,0.000239808153477218,0.000239808153477218,0.000239808153477218,0.000239808153477218,0.000239808153477218,0.947482014388489,0.000239808153477218,0.000239808153477218,0.000239808153477218,0.0122302158273381,0.000239808153477218,0.000239808153477218,0.000239808153477218,0.000239808153477218,0.000239808153477218,0.03621103117506
0.000123915737298637,0.000123915737298637,0.000123915737298637,0.000123915737298637,0.000123915737298637,0.000123915737298637,0.000123915737298637,0.000123915737298637,0.000123915737298637,0.997645600991326,0.000123915737298637,0.000123915737298637,0.000123915737298637,0.000123915737298637,0.000123915737298637,0.000123915737298637,0.000123915737298637,0.000123915737298637,0.000123915737298637,0.000123915737298637
5.39956803455724e-05,5.39956803455724e-05,5.39956803455724e-05,5.39956803455724e-05,5.39956803455724e-05,5.39956803455724e-05,5.39956803455724e-05,5.39956803455724e-05,5.39956803455724e-05,0.998974082073434,5.39956803455724e-05,5.39956803455724e-05,5.39956803455724e-05,5.39956803455724e-05,5.39956803455724e-05,5.39956803455724e-05,5.39956803455724e-05,5.39956803455724e-05,5.39956803455724e-05,5.39956803455724e-05
9.15750915750916e-05,9.15750915750916e-05,9.15750915750916e-05,9.15750915750916e-05,9.15750915750916e-05,9.15750915750916e-05,9.15750915750916e-05,9.15750915750916e-05,9.15750915750916e-05,0.998260073260073,9.15750915750916e-05,9.15750915750916e-05,9.15750915750916e-05,9.15750915750916e-05,9.15750915750916e-05,9.15750915750916e-05,9.15750915750916e-05,9.15750915750916e-05,9.15750915750916e-05,9.15750915750916e-05
0.000102354145342886,0.000102354145342886,0.000102354145342886,0.000102354145342886,0.000102354145342886,0.000102354145342886,0.000102354145342886,0.000102354145342886,0.000102354145342886,0.977584442169908,0.000102354145342886,0.000102354145342886,0.000102354145342886,0.000102354145342886,0.000102354145342886,0.000102354145342886,0.00522006141248721,0.0103377686796315,0.000102354145342886,0.00522006141248721
0.000128700128700129,0.000128700128700129,0.000128700128700129,0.000128700128700129,0.167438867438867,0.000128700128700129,0.000128700128700129,0.000128700128700129,0.000128700128700129,0.55997425997426,0.000128700128700129,0.000128700128700129,0.000128700128700129,0.000128700128700129,0.000128700128700129,0.000128700128700129,0.000128700128700129,0.000128700128700129,0.000128700128700129,0.27039897039897
6.42260757867694e-05,6.42260757867694e-05,6.42260757867694e-05,6.42260757867694e-05,6.42260757867694e-05,6.42260757867694e-05,6.42260757867694e-05,6.42260757867694e-05,6.42260757867694e-05,0.998779704560051,6.42260757867694e-05,6.42260757867694e-05,6.42260757867694e-05,6.42260757867694e-05,6.42260757867694e-05,6.42260757867694e-05,6.42260757867694e-05,6.42260757867694e-05,6.42260757867694e-05,6.42260757867694e-05
4.26985482493595e-05,4.26985482493595e-05,0.0598206660973527,0.0833048676345004,4.26985482493595e-05,4.26985482493595e-05,4.26985482493595e-05,4.26985482493595e-05,4.26985482493595e-05,0.81131511528608,4.26985482493595e-05,4.26985482493595e-05,4.26985482493595e-05,4.26985482493595e-05,4.26985482493595e-05,0.032066609735269,4.26985482493595e-05,4.26985482493595e-05,4.26985482493595e-05,0.0128522630230572
0.000120192307692308,0.000120192307692308,0.000120192307692308,0.000120192307692308,0.360697115384615,0.000120192307692308,0.000120192307692308,0.000120192307692308,0.000120192307692308,0.360697115384615,0.000120192307692308,0.000120192307692308,0.000120192307692308,0.000120192307692308,0.000120192307692308,0.2765625,0.000120192307692308,0.000120192307692308,0.000120192307692308,0.000120192307692308
8.64304235090752e-05,8.64304235090752e-05,0.103802938634399,8.64304235090752e-05,0.358772687986171,8.64304235090752e-05,8.64304235090752e-05,8.64304235090752e-05,8.64304235090752e-05,0.479775280898876,0.056266205704408,8.64304235090752e-05,8.64304235090752e-05,8.64304235090752e-05,8.64304235090752e-05,8.64304235090752e-05,8.64304235090752e-05,8.64304235090752e-05,8.64304235090752e-05,8.64304235090752e-05
0.0001194743130227,0.0001194743130227,0.0240143369175627,0.0001194743130227,0.119593787335723,0.0001194743130227,0.0001194743130227,0.0001194743130227,0.0001194743130227,0.794623655913979,0.00609318996415771,0.0001194743130227,0.0001194743130227,0.0001194743130227,0.0001194743130227,0.0001194743130227,0.00609318996415771,0.0001194743130227,0.0001194743130227,0.0479091995221027
0.000189753320683112,0.000189753320683112,0.000189753320683112,0.000189753320683112,0.000189753320683112,0.000189753320683112,0.000189753320683112,0.000189753320683112,0.000189753320683112,0.901518026565465,0.000189753320683112,0.000189753320683112,0.000189753320683112,0.000189753320683112,0.000189753320683112,0.0950664136622391,0.000189753320683112,0.000189753320683112,0.000189753320683112,0.000189753320683112
2.52397778899546e-05,2.52397778899546e-05,2.52397778899546e-05,0.147677940434124,2.52397778899546e-05,2.52397778899546e-05,2.52397778899546e-05,2.52397778899546e-05,2.52397778899546e-05,0.850605754669359,0.00128722867238768,2.52397778899546e-05,2.52397778899546e-05,2.52397778899546e-05,2.52397778899546e-05,2.52397778899546e-05,2.52397778899546e-05,2.52397778899546e-05,2.52397778899546e-05,2.52397778899546e-05
9.55109837631328e-05,9.55109837631328e-05,9.55109837631328e-05,9.55109837631328e-05,9.55109837631328e-05,9.55109837631328e-05,9.55109837631328e-05,9.55109837631328e-05,9.55109837631328e-05,0.998185291308501,9.55109837631328e-05,9.55109837631328e-05,9.55109837631328e-05,9.55109837631328e-05,9.55109837631328e-05,9.55109837631328e-05,9.55109837631328e-05,9.55109837631328e-05,9.55109837631328e-05,9.55109837631328e-05
9.46073793755913e-05,9.46073793755913e-05,9.46073793755913e-05,9.46073793755913e-05,9.46073793755913e-05,9.46073793755913e-05,9.46073793755913e-05,9.46073793755913e-05,9.46073793755913e-05,0.998202459791864,9.46073793755913e-05,9.46073793755913e-05,9.46073793755913e-05,9.46073793755913e-05,9.46073793755913e-05,9.46073793755913e-05,9.46073793755913e-05,9.46073793755913e-05,9.46073793755913e-05,9.46073793755913e-05
0.000680272108843537,0.000680272108843537,0.000680272108843537,0.000680272108843537,0.340816326530612,0.000680272108843537,0.000680272108843537,0.000680272108843537,0.000680272108843537,0.612925170068027,0.0346938775510204,0.000680272108843537,0.000680272108843537,0.000680272108843537,0.000680272108843537,0.000680272108843537,0.000680272108843537,0.000680272108843537,0.000680272108843537,0.000680272108843537
7.18390804597701e-05,7.18390804597701e-05,7.18390804597701e-05,7.18390804597701e-05,7.18390804597701e-05,7.18390804597701e-05,7.18390804597701e-05,7.18390804597701e-05,7.18390804597701e-05,0.995043103448276,7.18390804597701e-05,7.18390804597701e-05,7.18390804597701e-05,7.18390804597701e-05,7.18390804597701e-05,7.18390804597701e-05,0.00366379310344828,7.18390804597701e-05,7.18390804597701e-05,7.18390804597701e-05
8.71839581517001e-05,8.71839581517001e-05,8.71839581517001e-05,8.71839581517001e-05,8.71839581517001e-05,8.71839581517001e-05,8.71839581517001e-05,8.71839581517001e-05,8.71839581517001e-05,0.967829119442023,8.71839581517001e-05,8.71839581517001e-05,8.71839581517001e-05,8.71839581517001e-05,8.71839581517001e-05,0.0306015693112467,8.71839581517001e-05,8.71839581517001e-05,8.71839581517001e-05,8.71839581517001e-05
0.000102354145342886,0.000102354145342886,0.000102354145342886,0.000102354145342886,0.000102354145342886,0.000102354145342886,0.000102354145342886,0.000102354145342886,0.000102354145342886,0.916171954964176,0.000102354145342886,0.000102354145342886,0.000102354145342886,0.000102354145342886,0.000102354145342886,0.000102354145342886,0.00522006141248721,0.000102354145342886,0.000102354145342886,0.0768679631525077
5.77367205542725e-05,5.77367205542725e-05,5.77367205542725e-05,5.77367205542725e-05,5.77367205542725e-05,5.77367205542725e-05,5.77367205542725e-05,5.77367205542725e-05,5.77367205542725e-05,0.998903002309469,5.77367205542725e-05,5.77367205542725e-05,5.77367205542725e-05,5.77367205542725e-05,5.77367205542725e-05,5.77367205542725e-05,5.77367205542725e-05,5.77367205542725e-05,5.77367205542725e-05,5.77367205542725e-05
8.14995925020375e-05,8.14995925020375e-05,8.14995925020375e-05,0.0734311328443358,8.14995925020375e-05,8.14995925020375e-05,8.14995925020375e-05,8.14995925020375e-05,8.14995925020375e-05,0.925101874490628,8.14995925020375e-05,8.14995925020375e-05,8.14995925020375e-05,8.14995925020375e-05,8.14995925020375e-05,8.14995925020375e-05,8.14995925020375e-05,8.14995925020375e-05,8.14995925020375e-05,8.14995925020375e-05
0.000116686114352392,0.000116686114352392,0.000116686114352392,0.000116686114352392,0.000116686114352392,0.000116686114352392,0.000116686114352392,0.000116686114352392,0.000116686114352392,0.997782963827305,0.000116686114352392,0.000116686114352392,0.000116686114352392,0.000116686114352392,0.000116686114352392,0.000116686114352392,0.000116686114352392,0.000116686114352392,0.000116686114352392,0.000116686114352392
5.39956803455724e-05,5.39956803455724e-05,5.39956803455724e-05,0.359125269978402,5.39956803455724e-05,5.39956803455724e-05,5.39956803455724e-05,0.0135529157667387,5.39956803455724e-05,0.623704103671706,5.39956803455724e-05,5.39956803455724e-05,5.39956803455724e-05,5.39956803455724e-05,0.00275377969762419,5.39956803455724e-05,5.39956803455724e-05,5.39956803455724e-05,5.39956803455724e-05,5.39956803455724e-05
0.000100300902708124,0.000100300902708124,0.000100300902708124,0.000100300902708124,0.000100300902708124,0.000100300902708124,0.000100300902708124,0.000100300902708124,0.000100300902708124,0.717251755265797,0.000100300902708124,0.000100300902708124,0.000100300902708124,0.000100300902708124,0.000100300902708124,0.000100300902708124,0.000100300902708124,0.160581745235707,0.000100300902708124,0.120461384152457
9.68992248062015e-05,9.68992248062015e-05,9.68992248062015e-05,9.68992248062015e-05,9.68992248062015e-05,9.68992248062015e-05,9.68992248062015e-05,9.68992248062015e-05,9.68992248062015e-05,0.925484496124031,9.68992248062015e-05,9.68992248062015e-05,9.68992248062015e-05,9.68992248062015e-05,9.68992248062015e-05,9.68992248062015e-05,9.68992248062015e-05,9.68992248062015e-05,0.0727713178294574,9.68992248062015e-05
4.71253534401508e-05,4.71253534401508e-05,4.71253534401508e-05,4.71253534401508e-05,4.71253534401508e-05,4.71253534401508e-05,4.71253534401508e-05,4.71253534401508e-05,4.71253534401508e-05,0.994392082940622,4.71253534401508e-05,4.71253534401508e-05,4.71253534401508e-05,0.00240339302544769,4.71253534401508e-05,0.00240339302544769,4.71253534401508e-05,4.71253534401508e-05,4.71253534401508e-05,4.71253534401508e-05
0.000124688279301746,0.000124688279301746,0.000124688279301746,0.000124688279301746,0.000124688279301746,0.000124688279301746,0.000124688279301746,0.00635910224438903,0.000124688279301746,0.779426433915212,0.000124688279301746,0.000124688279301746,0.000124688279301746,0.000124688279301746,0.000124688279301746,0.000124688279301746,0.000124688279301746,0.155985037406484,0.000124688279301746,0.0562344139650873
7.5642965204236e-05,7.5642965204236e-05,7.5642965204236e-05,7.5642965204236e-05,7.5642965204236e-05,7.5642965204236e-05,7.5642965204236e-05,0.0114220877458396,7.5642965204236e-05,0.987216338880484,7.5642965204236e-05,7.5642965204236e-05,7.5642965204236e-05,7.5642965204236e-05,7.5642965204236e-05,7.5642965204236e-05,7.5642965204236e-05,7.5642965204236e-05,7.5642965204236e-05,7.5642965204236e-05
6.9589422407794e-05,0.0522616562282533,6.9589422407794e-05,6.9589422407794e-05,6.9589422407794e-05,6.9589422407794e-05,6.9589422407794e-05,6.9589422407794e-05,6.9589422407794e-05,0.946485734168406,6.9589422407794e-05,6.9589422407794e-05,6.9589422407794e-05,6.9589422407794e-05,6.9589422407794e-05,6.9589422407794e-05,6.9589422407794e-05,6.9589422407794e-05,6.9589422407794e-05,6.9589422407794e-05
0.000100806451612903,0.000100806451612903,0.000100806451612903,0.000100806451612903,0.000100806451612903,0.000100806451612903,0.000100806451612903,0.000100806451612903,0.000100806451612903,0.99304435483871,0.000100806451612903,0.000100806451612903,0.000100806451612903,0.000100806451612903,0.000100806451612903,0.00514112903225806,0.000100806451612903,0.000100806451612903,0.000100806451612903,0.000100806451612903
0.000181159420289855,0.000181159420289855,0.000181159420289855,0.000181159420289855,0.000181159420289855,0.000181159420289855,0.000181159420289855,0.000181159420289855,0.000181159420289855,0.996557971014493,0.000181159420289855,0.000181159420289855,0.000181159420289855,0.000181159420289855,0.000181159420289855,0.000181159420289855,0.000181159420289855,0.000181159420289855,0.000181159420289855,0.000181159420289855
0.000242718446601942,0.000242718446601942,0.000242718446601942,0.000242718446601942,0.000242718446601942,0.000242718446601942,0.000242718446601942,0.000242718446601942,0.000242718446601942,0.995388349514563,0.000242718446601942,0.000242718446601942,0.000242718446601942,0.000242718446601942,0.000242718446601942,0.000242718446601942,0.000242718446601942,0.000242718446601942,0.000242718446601942,0.000242718446601942
8.31946755407654e-05,8.31946755407654e-05,8.31946755407654e-05,8.31946755407654e-05,0.00424292845257903,8.31946755407654e-05,8.31946755407654e-05,8.31946755407654e-05,8.31946755407654e-05,0.994259567387687,8.31946755407654e-05,8.31946755407654e-05,8.31946755407654e-05,8.31946755407654e-05,8.31946755407654e-05,8.31946755407654e-05,8.31946755407654e-05,8.31946755407654e-05,8.31946755407654e-05,8.31946755407654e-05
6.83994528043776e-05,6.83994528043776e-05,6.83994528043776e-05,0.0479480164158687,0.184746922024624,6.83994528043776e-05,6.83994528043776e-05,6.83994528043776e-05,6.83994528043776e-05,0.725102599179206,0.0411080711354309,6.83994528043776e-05,6.83994528043776e-05,6.83994528043776e-05,6.83994528043776e-05,6.83994528043776e-05,6.83994528043776e-05,6.83994528043776e-05,6.83994528043776e-05,6.83994528043776e-05
3.0750307503075e-05,3.0750307503075e-05,3.0750307503075e-05,3.0750307503075e-05,3.0750307503075e-05,3.0750307503075e-05,3.0750307503075e-05,3.0750307503075e-05,3.0750307503075e-05,0.893327183271833,3.0750307503075e-05,3.0750307503075e-05,3.0750307503075e-05,3.0750307503075e-05,3.0750307503075e-05,0.106119311193112,3.0750307503075e-05,3.0750307503075e-05,3.0750307503075e-05,3.0750307503075e-05
0.000104493207941484,0.000104493207941484,0.000104493207941484,0.000104493207941484,0.000104493207941484,0.000104493207941484,0.000104493207941484,0.000104493207941484,0.000104493207941484,0.851724137931035,0.000104493207941484,0.000104493207941484,0.000104493207941484,0.000104493207941484,0.000104493207941484,0.000104493207941484,0.000104493207941484,0.146394984326019,0.000104493207941484,0.000104493207941484
3.78501135503407e-05,3.78501135503407e-05,3.78501135503407e-05,3.78501135503407e-05,3.78501135503407e-05,3.78501135503407e-05,3.78501135503407e-05,3.78501135503407e-05,0.00382286146858441,0.99549583648751,3.78501135503407e-05,3.78501135503407e-05,3.78501135503407e-05,3.78501135503407e-05,3.78501135503407e-05,3.78501135503407e-05,3.78501135503407e-05,3.78501135503407e-05,3.78501135503407e-05,3.78501135503407e-05
6.05326876513317e-05,6.05326876513317e-05,6.05326876513317e-05,6.05326876513317e-05,6.05326876513317e-05,6.05326876513317e-05,6.05326876513317e-05,6.05326876513317e-05,6.05326876513317e-05,0.998849878934625,6.05326876513317e-05,6.05326876513317e-05,6.05326876513317e-05,6.05326876513317e-05,6.05326876513317e-05,6.05326876513317e-05,6.05326876513317e-05,6.05326876513317e-05,6.05326876513317e-05,6.05326876513317e-05
5.13610683102209e-05,5.13610683102209e-05,5.13610683102209e-05,5.13610683102209e-05,5.13610683102209e-05,5.13610683102209e-05,5.13610683102209e-05,5.13610683102209e-05,5.13610683102209e-05,0.999024139702106,5.13610683102209e-05,5.13610683102209e-05,5.13610683102209e-05,5.13610683102209e-05,5.13610683102209e-05,5.13610683102209e-05,5.13610683102209e-05,5.13610683102209e-05,5.13610683102209e-05,5.13610683102209e-05
9.32835820895522e-05,9.32835820895522e-05,9.32835820895522e-05,0.00475746268656716,9.32835820895522e-05,9.32835820895522e-05,9.32835820895522e-05,9.32835820895522e-05,9.32835820895522e-05,0.993563432835821,9.32835820895522e-05,9.32835820895522e-05,9.32835820895522e-05,9.32835820895522e-05,9.32835820895522e-05,9.32835820895522e-05,9.32835820895522e-05,9.32835820895522e-05,9.32835820895522e-05,9.32835820895522e-05
7.71010023130301e-05,7.71010023130301e-05,7.71010023130301e-05,7.71010023130301e-05,7.71010023130301e-05,7.71010023130301e-05,7.71010023130301e-05,0.397147262914418,7.71010023130301e-05,0.593754818812645,7.71010023130301e-05,7.71010023130301e-05,7.71010023130301e-05,7.71010023130301e-05,7.71010023130301e-05,7.71010023130301e-05,0.00778720123361604,7.71010023130301e-05,7.71010023130301e-05,7.71010023130301e-05
0.00531019978969506,5.25762355415352e-05,0.0026813880126183,5.25762355415352e-05,5.25762355415352e-05,5.25762355415352e-05,5.25762355415352e-05,5.25762355415352e-05,5.25762355415352e-05,0.98322818086225,5.25762355415352e-05,5.25762355415352e-05,5.25762355415352e-05,5.25762355415352e-05,5.25762355415352e-05,0.00531019978969506,5.25762355415352e-05,5.25762355415352e-05,0.0026813880126183,5.25762355415352e-05
3.80662352493338e-05,3.80662352493338e-05,3.80662352493338e-05,0.224628854206319,3.80662352493338e-05,3.80662352493338e-05,3.80662352493338e-05,3.80662352493338e-05,3.80662352493338e-05,0.675713741910925,3.80662352493338e-05,3.80662352493338e-05,3.80662352493338e-05,3.80662352493338e-05,3.80662352493338e-05,0.0990102778835173,3.80662352493338e-05,3.80662352493338e-05,3.80662352493338e-05,3.80662352493338e-05
0.000348432055749129,0.000348432055749129,0.000348432055749129,0.000348432055749129,0.923693379790941,0.000348432055749129,0.000348432055749129,0.000348432055749129,0.000348432055749129,0.0700348432055749,0.000348432055749129,0.000348432055749129,0.000348432055749129,0.000348432055749129,0.000348432055749129,0.000348432055749129,0.000348432055749129,0.000348432055749129,0.000348432055749129,0.000348432055749129
8.95255147717099e-05,8.95255147717099e-05,8.95255147717099e-05,8.95255147717099e-05,0.241808415398389,8.95255147717099e-05,8.95255147717099e-05,8.95255147717099e-05,8.95255147717099e-05,0.720769919427037,8.95255147717099e-05,8.95255147717099e-05,8.95255147717099e-05,8.95255147717099e-05,8.95255147717099e-05,8.95255147717099e-05,8.95255147717099e-05,8.95255147717099e-05,8.95255147717099e-05,0.0358997314234557
9.15750915750916e-05,0.0733516483516483,9.15750915750916e-05,9.15750915750916e-05,0.0825091575091575,9.15750915750916e-05,9.15750915750916e-05,9.15750915750916e-05,9.15750915750916e-05,0.842582417582418,9.15750915750916e-05,9.15750915750916e-05,9.15750915750916e-05,9.15750915750916e-05,9.15750915750916e-05,9.15750915750916e-05,9.15750915750916e-05,9.15750915750916e-05,9.15750915750916e-05,9.15750915750916e-05
9.28505106778087e-05,9.28505106778087e-05,9.28505106778087e-05,9.28505106778087e-05,9.28505106778087e-05,9.28505106778087e-05,9.28505106778087e-05,9.28505106778087e-05,9.28505106778087e-05,0.998235840297122,9.28505106778087e-05,9.28505106778087e-05,9.28505106778087e-05,9.28505106778087e-05,9.28505106778087e-05,9.28505106778087e-05,9.28505106778087e-05,9.28505106778087e-05,9.28505106778087e-05,9.28505106778087e-05
6.59195781147001e-05,6.59195781147001e-05,6.59195781147001e-05,6.59195781147001e-05,6.59195781147001e-05,6.59195781147001e-05,6.59195781147001e-05,6.59195781147001e-05,6.59195781147001e-05,0.998747528015821,6.59195781147001e-05,6.59195781147001e-05,6.59195781147001e-05,6.59195781147001e-05,6.59195781147001e-05,6.59195781147001e-05,6.59195781147001e-05,6.59195781147001e-05,6.59195781147001e-05,6.59195781147001e-05
